1.410000000000000000e+03 0.000000000000000000e+00
1.629000000000000000e+03 1.000000000000000000e+00
2.813000000000000000e+03 0.000000000000000000e+00
3.036000000000000000e+03 1.000000000000000000e+00
4.217000000000000000e+03 0.000000000000000000e+00
1.389000000000000000e+03 0.000000000000000000e+00
1.623000000000000000e+03 2.000000000000000000e+00
2.793000000000000000e+03 0.000000000000000000e+00
3.028000000000000000e+03 2.000000000000000000e+00
4.196000000000000000e+03 0.000000000000000000e+00
1.397000000000000000e+03 0.000000000000000000e+00
1.631000000000000000e+03 2.000000000000000000e+00
2.800000000000000000e+03 0.000000000000000000e+00
3.035000000000000000e+03 1.000000000000000000e+00
4.201000000000000000e+03 0.000000000000000000e+00
1.392000000000000000e+03 0.000000000000000000e+00
1.627000000000000000e+03 1.000000000000000000e+00
2.794000000000000000e+03 0.000000000000000000e+00
3.028000000000000000e+03 2.000000000000000000e+00
4.196000000000000000e+03 0.000000000000000000e+00
1.394000000000000000e+03 0.000000000000000000e+00
1.627000000000000000e+03 2.000000000000000000e+00
2.794000000000000000e+03 0.000000000000000000e+00
3.030000000000000000e+03 2.000000000000000000e+00
4.198000000000000000e+03 0.000000000000000000e+00
1.398000000000000000e+03 0.000000000000000000e+00
1.631000000000000000e+03 1.000000000000000000e+00
2.800000000000000000e+03 0.000000000000000000e+00
3.034000000000000000e+03 2.000000000000000000e+00
4.198000000000000000e+03 0.000000000000000000e+00
1.395000000000000000e+03 0.000000000000000000e+00
1.629000000000000000e+03 1.000000000000000000e+00
2.795000000000000000e+03 0.000000000000000000e+00
3.029000000000000000e+03 1.000000000000000000e+00
4.198000000000000000e+03 0.000000000000000000e+00
0.000000000000000000e+00
1.392000000000000000e+03 0.000000000000000000e+00
1.627000000000000000e+03 1.000000000000000000e+00
2.794000000000000000e+03 0.000000000000000000e+00
3.030000000000000000e+03 1.000000000000000000e+00
4.197000000000000000e+03 0.000000000000000000e+00
1.385000000000000000e+03 0.000000000000000000e+00
1.619000000000000000e+03 2.000000000000000000e+00
2.785000000000000000e+03 0.000000000000000000e+00
3.021000000000000000e+03 1.000000000000000000e+00
4.189000000000000000e+03 0.000000000000000000e+00
4.422000000000000000e+03 1.000000000000000000e+00
